Astra AAD1433005T
IR fx = 582.038
IR fy = 582.038
IR cx = 318.985
IR cy = 240.545
RGB fx = 513.607
RGB fy = 513.607
RGB cx = 334.983
RGB cy = 249.776
r00 = 0.99998
r01 = -0.00233813
r02 = -0.00589042
r10 = 0.00233627
r11 = 0.999997
r12 = -0.000322957
r20 = 0.00589116
r21 = 0.000309189
r22 = 0.999983
t1 = -25.1456
t2 = 0.151228
t3 = -0.717819
k1 = -0.11194
k2 = 0.255341
p1 = -0.00571062
p2 = -0.00206556
k3 = -0.137778
